                       [38;2;54;16;5m [38;2;75;23;6m.[38;2;101;31;8m.[38;2;122;38;9m·[38;2;130;40;10m·[38;2;122;38;9m·[38;2;101;31;8m.[38;2;75;23;6m.[38;2;54;16;5m                       [0m
                    [38;2;64;20;6m.[38;2;131;41;10m·[38;2;199;87;23m-[38;2;221;118;40m+[38;2;216;106;32m=[38;2;195;85;22m-[38;2;178;73;19m-[38;2;172;69;18m-[38;2;178;73;19m-[38;2;195;85;22m-[38;2;216;106;32m=[38;2;221;118;40m+[38;2;199;87;23m-[38;2;131;41;10m·[38;2;64;20;6m.                   [0m
                  [38;2;56;17;5m [38;2;126;39;10m·[38;2;186;79;21m-[38;2;164;64;16m:[38;2;141;48;12m:[38;2;204;91;24m=[38;2;229;133;50m+     [38;2;229;133;50m+[38;2;204;91;24m=[38;2;141;48;12m:[38;2;164;64;16m:[38;2;186;79;21m-[38;2;126;39;10m·[38;2;56;17;5m                  [0m
                 [38;2;58;17;5m [38;2;132;41;10m·[38;2;151;54;14m:[38;2;132;42;10m·[38;2;224;123;43m+           [38;2;224;123;43m+[38;2;132;42;10m·[38;2;151;54;14m:[38;2;132;41;10m·[38;2;58;17;5m                 [0m
                 [38;2;95;29;8m.[38;2;133;42;11m·[38;2;131;41;10m·[38;2;229;133;49m+             [38;2;229;133;49m+[38;2;131;41;10m·[38;2;133;42;11m·[38;2;95;29;8m.                [0m
                 [38;2;111;34;9m·[38;2;111;34;9m·[38;2;201;89;23m=               [38;2;201;89;23m=[38;2;111;34;9m·[38;2;111;34;9m·                [0m
  [38;2;55;17;5m [38;2;64;20;6m.[38;2;74;22;6m.[38;2;83;25;7m.[38;2;92;28;7m.[38;2;100;31;8m.[38;2;109;34;9m·[38;2;118;36;9m·[38;2;126;39;10m·[38;2;133;42;11m·[38;2;139;46;12m:[38;2;145;51;13m:[38;2;151;55;14m:[38;2;157;59;15m:[38;2;163;62;16m:[38;2;199;87;23m-[38;2;224;122;42m+[38;2;255;244;214m@[38;2;183;77;20m-[38;2;188;80;21m-[38;2;192;83;22m-[38;2;197;86;22m-[38;2;201;88;23m-[38;2;204;91;24m=[38;2;207;93;24m=[38;2;209;94;25m=[38;2;207;93;24m=[38;2;204;91;24m=[38;2;201;89;23m=[38;2;198;87;23m-[38;2;196;85;22m-[38;2;199;87;23m-[38;2;209;94;25m=[38;2;255;244;214m@[38;2;254;205;123m%[38;2;254;206;125m%[38;2;253;199;115m#[38;2;252;197;112m#[38;2;247;173;81m*[38;2;228;130;48m+[38;2;199;88;23m-[38;2;164;63;16m:[38;2;140;47;12m:[38;2;124;38;10m·[38;2;111;34;9m·[38;2;101;31;8m.[38;2;92;28;7m.[38;2;83;25;7m.[38;2;74;22;6m.[38;2;64;20;6m.[38;2;55;17;5m  [0m
   [38;2;55;17;5m [38;2;60;18;5m [38;2;66;20;6m.[38;2;71;22;6m.[38;2;76;23;6m.[38;2;81;25;7m.[38;2;87;26;7m.[38;2;92;28;7m.[38;2;97;30;8m.[38;2;101;31;8m·[38;2;106;33;8m·[38;2;111;34;9m·[38;2;115;35;9m·[38;2;120;37;9m·[38;2;149;53;14m:[38;2;172;69;18m-[38;2;222;120;41m+[38;2;255;244;214m@[38;2;138;45;11m·[38;2;140;47;12m:[38;2;143;49;12m:[38;2;145;50;13m:[38;2;147;52;13m:[38;2;149;53;14m:[38;2;150;54;14m:[38;2;149;53;14m:[38;2;147;52;13m:[38;2;145;51;13m:[38;2;143;49;13m:[38;2;142;48;12m:[38;2;143;49;12m:[38;2;255;244;214m@[38;2;237;148;59m+[38;2;215;104;31m=[38;2;213;101;29m=[38;2;203;90;24m=[38;2;202;89;23m=[38;2;186;79;21m-[38;2;163;63;16m:[38;2;139;46;12m:[38;2;117;36;9m·[38;2;101;31;8m.[38;2;90;27;7m.[38;2;82;25;7m.[38;2;76;23;6m.[38;2;71;22;6m.[38;2;66;20;6m.[38;2;60;18;5m [38;2;55;17;5m   [0m
                    [38;2;91;28;7m.[38;2;222;119;40m+           [38;2;222;119;40m+[38;2;91;28;7m.                   [0m
                      [38;2;90;28;7m.[38;2;193;83;22m-[38;2;228;131;48m+     [38;2;228;131;48m+[38;2;193;83;22m-[38;2;90;28;7m.                     [0m
                                                      
[38;2;255;221;158m       G A R G A N T U A   ·   H Y P R L A N D[0m        
