                        [38;2;67;21;6m.[38;2;88;27;7m.[38;2;104;32;8m·[38;2;110;34;9m·[38;2;104;32;8m·[38;2;88;27;7m.[38;2;67;21;6m.                       [0m
                    [38;2;59;18;5m [38;2;111;34;9m·[38;2;168;66;17m:[38;2;194;84;22m-[38;2;186;78;20m-[38;2;166;65;17m:[38;2;152;55;14m:[38;2;148;52;13m:[38;2;152;55;14m:[38;2;166;65;17m:[38;2;186;78;20m-[38;2;194;84;22m-[38;2;168;66;17m:[38;2;111;34;9m·[38;2;59;18;5m                    [0m
                   [38;2;107;33;8m·[38;2;159;60;15m:[38;2;142;48;12m:[38;2;121;37;9m·[38;2;172;69;18m-[38;2;206;92;24m=     [38;2;206;92;24m=[38;2;172;69;18m-[38;2;121;37;9m·[38;2;142;48;12m:[38;2;159;60;15m:[38;2;107;33;8m·                  [0m
                 [38;2;54;16;5m [38;2;112;34;9m·[38;2;131;41;10m·[38;2;113;35;9m·[38;2;198;87;23m-           [38;2;198;87;23m-[38;2;113;35;9m·[38;2;131;41;10m·[38;2;112;34;9m·[38;2;54;16;5m                 [0m
                 [38;2;83;25;7m.[38;2;113;35;9m·[38;2;111;34;9m·[38;2;205;92;24m=             [38;2;205;92;24m=[38;2;111;34;9m·[38;2;113;35;9m·[38;2;83;25;7m.                [0m
                 [38;2;96;29;8m.[38;2;95;29;8m.[38;2;170;68;18m-               [38;2;170;68;18m-[38;2;95;29;8m.[38;2;96;29;8m.                [0m
  [38;2;55;17;5m [38;2;65;20;6m.[38;2;75;23;6m.[38;2;89;27;7m.[38;2;108;33;9m·[38;2;137;45;11m·[38;2;172;69;18m-[38;2;213;100;28m=[38;2;234;144;56m+[38;2;246;171;77m*[38;2;247;173;80m*[38;2;239;154;63m*[38;2;223;121;42m+[38;2;206;92;24m=[38;2;186;79;21m-[38;2;208;94;25m=[38;2;225;124;44m+[38;2;255;231;182m@[38;2;183;77;20m-[38;2;188;80;21m-[38;2;192;83;22m-[38;2;197;86;22m-[38;2;201;88;23m-[38;2;204;91;24m=[38;2;207;93;24m=[38;2;209;94;25m=[38;2;207;93;24m=[38;2;204;91;24m=[38;2;201;88;23m-[38;2;197;86;22m-[38;2;192;83;22m-[38;2;188;80;21m-[38;2;183;77;20m-[38;2;255;230;180m@[38;2;223;121;41m+[38;2;199;87;23m-[38;2;163;62;16m:[38;2;157;59;15m:[38;2;151;55;14m:[38;2;145;51;13m:[38;2;139;46;12m:[38;2;133;42;11m·[38;2;126;39;10m·[38;2;118;36;9m·[38;2;109;34;9m·[38;2;100;31;8m.[38;2;92;28;7m.[38;2;83;25;7m.[38;2;74;22;6m.[38;2;64;20;6m.[38;2;55;17;5m  [0m
   [38;2;55;17;5m [38;2;61;19;5m.[38;2;69;21;6m.[38;2;80;24;7m.[38;2;96;30;8m.[38;2;121;37;9m·[38;2;146;51;13m:[38;2;168;66;17m:[38;2;183;76;20m-[38;2;185;78;20m-[38;2;175;71;18m-[38;2;159;60;15m:[38;2;144;50;13m:[38;2;135;43;11m·[38;2;154;56;14m:[38;2;174;70;18m-[38;2;218;110;35m=[38;2;255;209;129m%[38;2;138;45;11m·[38;2;140;47;12m:[38;2;143;49;12m:[38;2;145;50;13m:[38;2;147;52;13m:[38;2;149;53;14m:[38;2;150;54;14m:[38;2;149;53;14m:[38;2;147;52;13m:[38;2;145;50;13m:[38;2;143;49;12m:[38;2;140;47;12m:[38;2;138;45;11m·[38;2;255;209;128m%[38;2;217;109;34m=[38;2;172;69;18m-[38;2;149;53;14m:[38;2;120;37;9m·[38;2;115;35;9m·[38;2;111;34;9m·[38;2;106;33;8m·[38;2;101;31;8m·[38;2;97;30;8m.[38;2;92;28;7m.[38;2;87;26;7m.[38;2;81;25;7m.[38;2;76;23;6m.[38;2;71;22;6m.[38;2;66;20;6m.[38;2;60;18;5m [38;2;55;17;5m   [0m
                    [38;2;80;24;7m.[38;2;195;85;22m-           [38;2;195;85;22m-[38;2;80;24;7m.                   [0m
                      [38;2;79;24;7m.[38;2;164;63;16m:[38;2;204;91;24m=     [38;2;204;91;24m=[38;2;164;63;16m:[38;2;79;24;7m.                     [0m
                                                      
[38;2;255;221;158m       G A R G A N T U A   ·   H Y P R L A N D[0m        
