                       [38;2;53;16;5m [38;2;72;22;6m.[38;2;97;30;8m.[38;2;116;36;9m·[38;2;124;38;10m·[38;2;116;36;9m·[38;2;97;30;8m.[38;2;72;22;6m.[38;2;53;16;5m                       [0m
                    [38;2;62;19;5m.[38;2;124;38;10m·[38;2;188;80;21m-[38;2;215;104;31m=[38;2;209;94;25m=[38;2;185;78;20m-[38;2;169;67;17m:[38;2;164;63;16m:[38;2;169;67;17m:[38;2;185;78;20m-[38;2;209;94;25m=[38;2;215;104;31m=[38;2;188;80;21m-[38;2;124;38;10m·[38;2;62;19;5m.                   [0m
                  [38;2;54;16;5m [38;2;120;37;9m·[38;2;177;72;19m-[38;2;157;58;15m:[38;2;135;43;11m·[38;2;193;83;22m-[38;2;222;119;40m+     [38;2;222;119;40m+[38;2;193;83;22m-[38;2;135;43;11m·[38;2;157;58;15m:[38;2;177;72;19m-[38;2;120;37;9m·[38;2;54;16;5m                  [0m
                 [38;2;56;17;5m [38;2;125;38;10m·[38;2;144;50;13m:[38;2;126;39;10m·[38;2;217;109;34m=           [38;2;217;109;34m=[38;2;126;39;10m·[38;2;144;50;13m:[38;2;125;38;10m·[38;2;56;17;5m                 [0m
                 [38;2;91;28;7m.[38;2;127;39;10m·[38;2;125;38;10m·[38;2;221;118;40m+             [38;2;221;118;40m+[38;2;125;38;10m·[38;2;127;39;10m·[38;2;91;28;7m.                [0m
                 [38;2;106;32;8m·[38;2;106;32;8m·[38;2;190;81;21m-               [38;2;190;81;21m-[38;2;106;32;8m·[38;2;106;32;8m·                [0m
  [38;2;57;17;5m [38;2;70;21;6m.[38;2;90;28;7m.[38;2;120;37;9m·[38;2;154;57;15m:[38;2;193;83;22m-[38;2;220;114;37m=[38;2;231;137;52m+[38;2;231;137;52m+[38;2;222;118;40m+[38;2;206;92;24m=[38;2;183;77;20m-[38;2;169;67;17m:[38;2;164;64;16m:[38;2;165;64;17m:[38;2;199;88;23m-[38;2;223;122;42m+[38;2;255;244;214m@[38;2;183;77;20m-[38;2;188;80;21m-[38;2;192;83;22m-[38;2;197;86;22m-[38;2;201;88;23m-[38;2;204;91;24m=[38;2;207;93;24m=[38;2;209;94;25m=[38;2;207;93;24m=[38;2;204;91;24m=[38;2;201;88;23m-[38;2;197;86;22m-[38;2;192;83;22m-[38;2;188;80;21m-[38;2;183;77;20m-[38;2;255;244;214m@[38;2;223;122;42m+[38;2;199;87;23m-[38;2;163;62;16m:[38;2;157;59;15m:[38;2;151;55;14m:[38;2;145;51;13m:[38;2;139;46;12m:[38;2;133;42;11m·[38;2;126;39;10m·[38;2;118;36;9m·[38;2;109;34;9m·[38;2;100;31;8m.[38;2;92;28;7m.[38;2;83;25;7m.[38;2;74;22;6m.[38;2;64;20;6m.[38;2;55;17;5m  [0m
   [38;2;58;18;5m [38;2;69;21;6m.[38;2;85;26;7m.[38;2;107;33;8m·[38;2;133;42;11m·[38;2;152;55;14m:[38;2;164;64;16m:[38;2;165;64;17m:[38;2;156;58;15m:[38;2;143;49;12m:[38;2;132;41;10m·[38;2;123;38;10m·[38;2;120;37;9m·[38;2;122;37;9m·[38;2;149;53;14m:[38;2;172;69;18m-[38;2;221;116;39m=[38;2;255;233;187m@[38;2;138;45;11m·[38;2;140;47;12m:[38;2;143;49;12m:[38;2;145;50;13m:[38;2;147;52;13m:[38;2;149;53;14m:[38;2;150;54;14m:[38;2;149;53;14m:[38;2;147;52;13m:[38;2;145;50;13m:[38;2;143;49;12m:[38;2;140;47;12m:[38;2;138;45;11m·[38;2;255;233;187m@[38;2;221;116;39m=[38;2;172;69;18m-[38;2;149;53;14m:[38;2;120;37;9m·[38;2;115;35;9m·[38;2;111;34;9m·[38;2;106;33;8m·[38;2;101;31;8m·[38;2;97;30;8m.[38;2;92;28;7m.[38;2;87;26;7m.[38;2;81;25;7m.[38;2;76;23;6m.[38;2;71;22;6m.[38;2;66;20;6m.[38;2;60;18;5m [38;2;55;17;5m   [0m
                    [38;2;87;27;7m.[38;2;215;105;31m=           [38;2;215;105;31m=[38;2;87;27;7m.                   [0m
                      [38;2;87;26;7m.[38;2;183;76;20m-[38;2;221;116;39m=     [38;2;221;116;39m=[38;2;183;76;20m-[38;2;87;26;7m.                     [0m
                                                      
[38;2;255;221;158m       G A R G A N T U A   ·   H Y P R L A N D[0m        
