                        [38;2;68;21;6m.[38;2;89;27;7m.[38;2;106;33;8m·[38;2;113;35;9m·[38;2;106;33;8m·[38;2;89;27;7m.[38;2;68;21;6m.                       [0m
                    [38;2;60;18;5m [38;2;114;35;9m·[38;2;172;69;18m-[38;2;199;87;23m-[38;2;190;81;21m-[38;2;169;67;17m:[38;2;155;57;15m:[38;2;151;54;14m:[38;2;155;57;15m:[38;2;169;67;17m:[38;2;190;81;21m-[38;2;199;87;23m-[38;2;172;69;18m-[38;2;114;35;9m·[38;2;60;18;5m                    [0m
                   [38;2;109;34;9m·[38;2;162;62;16m:[38;2;144;50;13m:[38;2;124;38;10m·[38;2;176;72;19m-[38;2;211;96;26m=     [38;2;211;96;26m=[38;2;176;72;19m-[38;2;124;38;10m·[38;2;144;50;13m:[38;2;162;62;16m:[38;2;109;34;9m·                  [0m
                 [38;2;54;16;5m [38;2;114;35;9m·[38;2;134;43;11m·[38;2;115;35;9m·[38;2;203;90;24m=           [38;2;203;90;24m=[38;2;115;35;9m·[38;2;134;43;11m·[38;2;114;35;9m·[38;2;54;16;5m                 [0m
                 [38;2;84;26;7m.[38;2;116;36;9m·[38;2;114;35;9m·[38;2;210;95;25m=             [38;2;210;95;25m=[38;2;114;35;9m·[38;2;116;36;9m·[38;2;84;26;7m.                [0m
                 [38;2;98;30;8m.[38;2;98;30;8m.[38;2;174;70;18m-               [38;2;174;70;18m-[38;2;97;30;8m.[38;2;97;30;8m.                [0m
  [38;2;55;17;5m [38;2;64;20;6m.[38;2;74;22;6m.[38;2;83;25;7m.[38;2;92;28;7m.[38;2;100;31;8m.[38;2;109;34;9m·[38;2;118;36;9m·[38;2;126;39;10m·[38;2;133;42;11m·[38;2;140;47;12m:[38;2;146;51;13m:[38;2;154;57;15m:[38;2;166;65;17m:[38;2;185;78;20m-[38;2;229;132;49m+[38;2;252;199;115m#[38;2;255;244;214m@[38;2;255;218;149m%[38;2;255;231;181m@[38;2;255;218;149m%[38;2;251;190;103m#[38;2;241;158;65m*[38;2;226;127;46m+[38;2;217;109;34m=[38;2;213;101;29m=[38;2;209;94;25m=[38;2;205;91;24m=[38;2;201;89;23m-[38;2;197;86;22m-[38;2;192;83;22m-[38;2;188;80;21m-[38;2;183;77;20m-[38;2;255;233;188m@[38;2;223;121;42m+[38;2;199;87;23m-[38;2;163;62;16m:[38;2;157;59;15m:[38;2;151;55;14m:[38;2;145;51;13m:[38;2;139;46;12m:[38;2;133;42;11m·[38;2;126;39;10m·[38;2;118;36;9m·[38;2;109;34;9m·[38;2;100;31;8m.[38;2;92;28;7m.[38;2;83;25;7m.[38;2;74;22;6m.[38;2;64;20;6m.[38;2;55;17;5m  [0m
   [38;2;55;17;5m [38;2;60;18;5m [38;2;66;20;6m.[38;2;71;22;6m.[38;2;76;23;6m.[38;2;81;25;7m.[38;2;87;26;7m.[38;2;92;28;7m.[38;2;97;30;8m.[38;2;102;31;8m·[38;2;107;33;8m·[38;2;113;35;9m·[38;2;122;37;9m·[38;2;134;43;11m·[38;2;173;70;18m-[38;2;213;101;29m=[38;2;247;175;84m*[38;2;255;244;214m@[38;2;217;110;34m=[38;2;214;102;30m=[38;2;200;88;23m-[38;2;181;75;20m-[38;2;166;65;17m:[38;2;158;59;15m:[38;2;154;56;14m:[38;2;150;54;14m:[38;2;148;52;13m:[38;2;145;50;13m:[38;2;143;49;12m:[38;2;140;47;12m:[38;2;138;45;11m·[38;2;255;213;138m%[38;2;218;111;35m=[38;2;172;69;18m-[38;2;149;53;14m:[38;2;120;37;9m·[38;2;115;35;9m·[38;2;111;34;9m·[38;2;106;33;8m·[38;2;101;31;8m·[38;2;97;30;8m.[38;2;92;28;7m.[38;2;87;26;7m.[38;2;81;25;7m.[38;2;76;23;6m.[38;2;71;22;6m.[38;2;66;20;6m.[38;2;60;18;5m [38;2;55;17;5m   [0m
                    [38;2;81;25;7m.[38;2;200;88;23m-           [38;2;199;88;23m-[38;2;81;25;7m.                   [0m
                      [38;2;81;25;7m.[38;2;167;66;17m:[38;2;209;94;25m=     [38;2;209;94;25m=[38;2;167;66;17m:[38;2;81;25;7m.                     [0m
                                                      
[38;2;255;221;158m       G A R G A N T U A   ·   H Y P R L A N D[0m        
