                       [38;2;54;16;5m [38;2;74;23;6m.[38;2;99;30;8m.[38;2;119;37;9m·[38;2;127;39;10m·[38;2;119;37;9m·[38;2;99;30;8m.[38;2;74;23;6m.[38;2;54;16;5m                       [0m
                    [38;2;63;19;6m.[38;2;128;39;10m·[38;2;193;83;22m-[38;2;218;111;35m=[38;2;212;100;28m=[38;2;190;81;21m-[38;2;173;69;18m-[38;2;168;66;17m:[38;2;173;69;18m-[38;2;190;81;21m-[38;2;212;100;28m=[38;2;218;111;35m=[38;2;193;83;22m-[38;2;128;39;10m·[38;2;63;19;6m.                   [0m
                  [38;2;55;17;5m [38;2;123;38;10m·[38;2;181;75;20m-[38;2;160;61;16m:[38;2;138;45;11m·[38;2;198;87;23m-[38;2;225;126;45m+     [38;2;225;126;45m+[38;2;198;87;23m-[38;2;138;45;11m·[38;2;160;61;16m:[38;2;181;75;20m-[38;2;123;38;10m·[38;2;55;17;5m                  [0m
                 [38;2;57;17;5m [38;2;128;39;10m·[38;2;147;52;13m:[38;2;129;40;10m·[38;2;220;115;38m=           [38;2;220;115;38m=[38;2;129;40;10m·[38;2;147;52;13m:[38;2;128;39;10m·[38;2;57;17;5m                 [0m
                 [38;2;93;28;8m.[38;2;130;40;10m·[38;2;128;39;10m·[38;2;225;125;44m+             [38;2;225;125;44m+[38;2;128;39;10m·[38;2;130;40;10m·[38;2;93;28;8m.                [0m
                 [38;2;108;33;9m·[38;2;108;33;9m·[38;2;195;85;22m-               [38;2;195;85;22m-[38;2;108;33;9m·[38;2;108;33;9m·                [0m
  [38;2;56;17;5m [38;2;67;20;6m.[38;2;81;25;7m.[38;2;101;31;8m.[38;2;131;41;10m·[38;2;164;63;16m:[38;2;201;89;23m=[38;2;222;120;41m+[38;2;231;138;53m+[38;2;230;134;50m+[38;2;220;114;37m=[38;2;204;91;24m=[38;2;183;77;20m-[38;2;172;69;18m-[38;2;168;66;17m:[38;2;201;88;23m-[38;2;224;122;43m+[38;2;255;244;214m@[38;2;183;77;20m-[38;2;188;80;21m-[38;2;192;83;22m-[38;2;197;86;22m-[38;2;201;88;23m-[38;2;204;91;24m=[38;2;207;93;24m=[38;2;209;94;25m=[38;2;207;93;24m=[38;2;204;91;24m=[38;2;201;88;23m-[38;2;197;86;22m-[38;2;192;83;22m-[38;2;188;80;21m-[38;2;183;77;20m-[38;2;255;244;214m@[38;2;223;122;42m+[38;2;199;87;23m-[38;2;163;62;16m:[38;2;157;59;15m:[38;2;151;55;14m:[38;2;145;51;13m:[38;2;139;46;12m:[38;2;133;42;11m·[38;2;126;39;10m·[38;2;118;36;9m·[38;2;109;34;9m·[38;2;100;31;8m.[38;2;92;28;7m.[38;2;83;25;7m.[38;2;74;22;6m.[38;2;64;20;6m.[38;2;55;17;5m  [0m
   [38;2;56;17;5m [38;2;64;19;6m.[38;2;75;23;6m.[38;2;92;28;7m.[38;2;115;35;9m·[38;2;138;46;12m·[38;2;156;58;15m:[38;2;165;64;17m:[38;2;164;63;16m:[38;2;155;57;15m:[38;2;142;48;12m:[38;2;132;41;10m·[38;2;126;39;10m·[38;2;124;38;10m·[38;2;150;54;14m:[38;2;172;69;18m-[38;2;222;118;40m+[38;2;255;239;202m@[38;2;138;45;11m·[38;2;140;47;12m:[38;2;143;49;12m:[38;2;145;50;13m:[38;2;147;52;13m:[38;2;149;53;14m:[38;2;150;54;14m:[38;2;149;53;14m:[38;2;147;52;13m:[38;2;145;50;13m:[38;2;143;49;12m:[38;2;140;47;12m:[38;2;138;45;11m·[38;2;255;239;202m@[38;2;221;118;40m+[38;2;172;69;18m-[38;2;149;53;14m:[38;2;120;37;9m·[38;2;115;35;9m·[38;2;111;34;9m·[38;2;106;33;8m·[38;2;101;31;8m·[38;2;97;30;8m.[38;2;92;28;7m.[38;2;87;26;7m.[38;2;81;25;7m.[38;2;76;23;6m.[38;2;71;22;6m.[38;2;66;20;6m.[38;2;60;18;5m [38;2;55;17;5m   [0m
                    [38;2;89;27;7m.[38;2;218;111;35m=           [38;2;218;111;35m=[38;2;89;27;7m.                   [0m
                      [38;2;88;27;7m.[38;2;188;80;21m-[38;2;224;123;43m+     [38;2;224;123;43m+[38;2;188;80;21m-[38;2;88;27;7m.                     [0m
                                                      
[38;2;255;221;158m       G A R G A N T U A   ·   H Y P R L A N D[0m        
