                        [38;2;67;20;6m.[38;2;87;27;7m.[38;2;103;32;8m·[38;2;109;33;9m·[38;2;103;32;8m·[38;2;87;27;7m.[38;2;67;20;6m.                       [0m
                    [38;2;59;18;5m [38;2;110;34;9m·[38;2;166;65;17m:[38;2;192;83;22m-[38;2;183;77;20m-[38;2;164;63;16m:[38;2;150;54;14m:[38;2;146;51;13m:[38;2;150;54;14m:[38;2;164;63;16m:[38;2;183;77;20m-[38;2;192;83;22m-[38;2;166;65;17m:[38;2;110;34;9m·[38;2;59;18;5m                    [0m
                   [38;2;106;33;8m·[38;2;157;59;15m:[38;2;140;47;12m:[38;2;120;37;9m·[38;2;170;68;18m-[38;2;203;90;24m=     [38;2;203;90;24m=[38;2;170;68;18m-[38;2;120;37;9m·[38;2;140;47;12m:[38;2;157;59;15m:[38;2;106;33;8m·                  [0m
                 [38;2;53;16;5m [38;2;110;34;9m·[38;2;130;40;10m·[38;2;111;34;9m·[38;2;195;85;22m-           [38;2;195;85;22m-[38;2;111;34;9m·[38;2;130;40;10m·[38;2;110;34;9m·[38;2;53;16;5m                 [0m
                 [38;2;82;25;7m.[38;2;112;34;9m·[38;2;110;34;9m·[38;2;203;90;24m=             [38;2;203;90;24m=[38;2;110;34;9m·[38;2;112;34;9m·[38;2;82;25;7m.                [0m
                 [38;2;95;29;8m.[38;2;95;29;8m.[38;2;168;66;17m:               [38;2;168;66;17m:[38;2;94;29;8m.[38;2;95;29;8m.                [0m
  [38;2;55;17;5m [38;2;64;20;6m.[38;2;74;23;6m.[38;2;83;25;7m.[38;2;94;29;8m.[38;2;108;33;9m·[38;2;130;40;10m·[38;2;156;58;15m:[38;2;193;83;22m-[38;2;225;124;44m+[38;2;245;166;72m*[38;2;250;185;97m#[38;2;249;183;94m#[38;2;244;162;68m*[38;2;226;128;46m+[38;2;227;129;47m+[38;2;234;142;55m+[38;2;255;236;195m@[38;2;186;79;21m-[38;2;189;80;21m-[38;2;193;83;22m-[38;2;197;86;22m-[38;2;201;88;23m-[38;2;204;91;24m=[38;2;207;93;24m=[38;2;209;94;25m=[38;2;207;93;24m=[38;2;204;91;24m=[38;2;201;88;23m-[38;2;197;86;22m-[38;2;192;83;22m-[38;2;188;80;21m-[38;2;183;77;20m-[38;2;255;228;176m%[38;2;223;120;41m+[38;2;199;87;23m-[38;2;163;62;16m:[38;2;157;59;15m:[38;2;151;55;14m:[38;2;145;51;13m:[38;2;139;46;12m:[38;2;133;42;11m·[38;2;126;39;10m·[38;2;118;36;9m·[38;2;109;34;9m·[38;2;100;31;8m.[38;2;92;28;7m.[38;2;83;25;7m.[38;2;74;22;6m.[38;2;64;20;6m.[38;2;55;17;5m  [0m
   [38;2;55;17;5m [38;2;60;18;5m [38;2;66;20;6m.[38;2;72;22;6m.[38;2;80;25;7m.[38;2;92;28;7m.[38;2;111;34;9m·[38;2;135;44;11m·[38;2;159;60;15m:[38;2;181;75;20m-[38;2;193;84;22m-[38;2;192;83;22m-[38;2;180;74;19m-[38;2;163;63;16m:[38;2;172;69;18m-[38;2;183;76;20m-[38;2;219;113;37m=[38;2;255;208;127m%[38;2;138;46;12m·[38;2;140;47;12m:[38;2;143;49;12m:[38;2;145;50;13m:[38;2;147;52;13m:[38;2;149;53;14m:[38;2;150;54;14m:[38;2;149;53;14m:[38;2;147;52;13m:[38;2;145;50;13m:[38;2;143;49;12m:[38;2;140;47;12m:[38;2;138;45;11m·[38;2;254;207;126m%[38;2;217;109;34m=[38;2;172;69;18m-[38;2;149;53;14m:[38;2;120;37;9m·[38;2;115;35;9m·[38;2;111;34;9m·[38;2;106;33;8m·[38;2;101;31;8m·[38;2;97;30;8m.[38;2;92;28;7m.[38;2;87;26;7m.[38;2;81;25;7m.[38;2;76;23;6m.[38;2;71;22;6m.[38;2;66;20;6m.[38;2;60;18;5m [38;2;55;17;5m   [0m
                    [38;2;79;24;7m.[38;2;192;83;22m-           [38;2;192;83;22m-[38;2;79;24;7m.                   [0m
                      [38;2;79;24;7m.[38;2;162;62;16m:[38;2;201;89;23m=     [38;2;201;89;23m=[38;2;162;62;16m:[38;2;79;24;7m.                     [0m
                                                      
[38;2;255;221;158m       G A R G A N T U A   ·   H Y P R L A N D[0m        
