                        [38;2;71;22;6m.[38;2;94;29;8m.[38;2;113;35;9m·[38;2;120;37;9m·[38;2;113;35;9m·[38;2;94;29;8m.[38;2;71;22;6m.                       [0m
                    [38;2;61;19;5m.[38;2;121;37;9m·[38;2;183;76;20m-[38;2;211;97;26m=[38;2;202;90;24m=[38;2;180;74;19m-[38;2;164;63;16m:[38;2;159;60;15m:[38;2;164;63;16m:[38;2;180;74;19m-[38;2;202;90;24m=[38;2;211;97;26m=[38;2;183;76;20m-[38;2;121;37;9m·[38;2;61;19;5m.                   [0m
                  [38;2;54;16;5m [38;2;116;36;9m·[38;2;172;69;18m-[38;2;152;55;14m:[38;2;132;41;10m·[38;2;187;79;21m-[38;2;218;111;35m=     [38;2;218;111;35m=[38;2;187;79;21m-[38;2;132;41;10m·[38;2;152;55;14m:[38;2;172;69;18m-[38;2;116;36;9m·[38;2;54;16;5m                  [0m
                 [38;2;56;17;5m [38;2;121;37;9m·[38;2;141;47;12m:[38;2;122;38;9m·[38;2;213;101;29m=           [38;2;213;101;29m=[38;2;122;38;9m·[38;2;141;47;12m:[38;2;121;37;9m·[38;2;56;17;5m                 [0m
                 [38;2;88;27;7m.[38;2;123;38;10m·[38;2;121;37;9m·[38;2;218;110;35m=             [38;2;218;110;35m=[38;2;121;37;9m·[38;2;123;38;10m·[38;2;88;27;7m.                [0m
                 [38;2;103;32;8m·[38;2;103;31;8m·[38;2;185;77;20m-               [38;2;185;77;20m-[38;2;103;31;8m·[38;2;103;32;8m·                [0m
  [38;2;55;17;5m [38;2;64;20;6m.[38;2;74;22;6m.[38;2;83;25;7m.[38;2;92;28;7m.[38;2;100;31;8m.[38;2;109;34;9m·[38;2;118;36;9m·[38;2;126;39;10m·[38;2;133;42;11m·[38;2;139;46;12m:[38;2;145;51;13m:[38;2;151;55;14m:[38;2;157;59;15m:[38;2;163;62;16m:[38;2;199;87;23m-[38;2;223;121;42m+[38;2;255;243;212m@[38;2;186;78;20m-[38;2;195;85;22m-[38;2;211;97;26m=[38;2;225;125;44m+[38;2;245;166;71m*[38;2;253;203;121m%[38;2;255;238;198m@[38;2;255;244;214m@[38;2;255;238;198m@[38;2;253;203;121m%[38;2;245;166;71m*[38;2;225;125;44m+[38;2;211;97;26m=[38;2;195;85;22m-[38;2;186;78;20m-[38;2;255;243;212m@[38;2;223;121;42m+[38;2;199;87;23m-[38;2;163;62;16m:[38;2;157;59;15m:[38;2;151;55;14m:[38;2;145;51;13m:[38;2;139;46;12m:[38;2;133;42;11m·[38;2;126;39;10m·[38;2;118;36;9m·[38;2;109;34;9m·[38;2;100;31;8m.[38;2;92;28;7m.[38;2;83;25;7m.[38;2;74;22;6m.[38;2;64;20;6m.[38;2;55;17;5m  [0m
   [38;2;55;17;5m [38;2;60;18;5m [38;2;66;20;6m.[38;2;71;22;6m.[38;2;76;23;6m.[38;2;81;25;7m.[38;2;87;26;7m.[38;2;92;28;7m.[38;2;97;30;8m.[38;2;101;31;8m·[38;2;106;33;8m·[38;2;111;34;9m·[38;2;115;35;9m·[38;2;120;37;9m·[38;2;149;53;14m:[38;2;172;69;18m-[38;2;220;115;38m=[38;2;255;227;173m%[38;2;142;48;12m:[38;2;150;54;14m:[38;2;165;64;17m:[38;2;185;78;20m-[38;2;209;95;25m=[38;2;220;115;38m=[38;2;225;124;44m+[38;2;220;115;38m=[38;2;209;95;25m=[38;2;185;78;20m-[38;2;165;64;17m:[38;2;150;54;14m:[38;2;142;48;12m:[38;2;255;227;173m%[38;2;220;115;38m=[38;2;172;69;18m-[38;2;149;53;14m:[38;2;120;37;9m·[38;2;115;35;9m·[38;2;111;34;9m·[38;2;106;33;8m·[38;2;101;31;8m·[38;2;97;30;8m.[38;2;92;28;7m.[38;2;87;26;7m.[38;2;81;25;7m.[38;2;76;23;6m.[38;2;71;22;6m.[38;2;66;20;6m.[38;2;60;18;5m [38;2;55;17;5m   [0m
                    [38;2;85;26;7m.[38;2;211;98;27m=           [38;2;211;98;27m=[38;2;85;26;7m.                   [0m
                      [38;2;84;26;7m.[38;2;177;73;19m-[38;2;217;108;34m=     [38;2;217;108;34m=[38;2;177;73;19m-[38;2;84;26;7m.                     [0m
                                                      
[38;2;255;221;158m       G A R G A N T U A   ·   H Y P R L A N D[0m        
